a: FIXEDATOM AT=0.50,0.379867,0.194 SCALED_COMPONENTS
b: FIXEDATOM AT=0.50,0.379867,0.805182 SCALED_COMPONENTS
c: FIXEDATOM AT=0.50,0.634207,0.194 SCALED_COMPONENTS
d: FIXEDATOM AT=0.50,0.634207,0.805182 SCALED_COMPONENTS

h1: CENTER ATOMS=12,13,42,45,58,59,78,79,117,119,120,121,165,166,185,186,203,206,227,230,244,245,251,252 NOPBC
t1: CENTER ATOMS=2368,2369,2398,2401,2414,2415,2434,2435,2483,2485,2486,2487,2531,2532,2551,2552,2579,2582,2603,2606,2620,2621,2627,2628 NOPBC

h2: CENTER ATOMS=2924,2925,2954,2957,2970,2971,2990,2991,3029,3031,3032,3033,3077,3078,3097,3098,3115,3118,3139,3142,3156,3157,3163,3164 NOPBC
t2: CENTER ATOMS=5280,5281,5310,5313,5326,5327,5346,5347,5395,5397,5398,5399,5443,5444,5463,5464,5491,5494,5515,5518,5532,5533,5539,5540 NOPBC

com1: CENTER ATOMS=486,487,516,519,532,533,552,553,591,593,594,595,639,640,659,660,677,680,701,704,718,719,725,726,954,955,984,987,1000,1001,1020,1021,1059,1061,1062,1063,1107,1108,1127,1128,1145,1148,1169,1172,1186,1187,1193,1194,1422,1423,1452,1455,1468,1469,1488,1489,1527,1529,1530,1531,1575,1576,1595,1596,1613,1616,1637,1640,1654,1655,1661,1662,1890,1891,1920,1923,1936,1937,1956,1957,1995,1997,1998,1999,2043,2044,2063,2064,2081,2084,2105,2108,2122,2123,2129,2130 NOPBC

com2: CENTER ATOMS=3398,3399,3428,3431,3444,3445,3464,3465,3503,3505,3506,3507,3551,3552,3571,3572,3589,3592,3613,3616,3630,3631,3637,3638,3866,3867,3896,3899,3912,3913,3932,3933,3971,3973,3974,3975,4019,4020,4039,4040,4057,4060,4081,4084,4098,4099,4105,4106,4334,4335,4364,4367,4380,4381,4400,4401,4439,4441,4442,4443,4487,4488,4507,4508,4525,4528,4549,4552,4566,4567,4573,4574,4802,4803,4832,4835,4848,4849,4868,4869,4907,4909,4910,4911,4955,4956,4975,4976,4993,4996,5017,5020,5034,5035,5041,5042 NOPBC

d1: DISTANCE ATOMS=a,h1 
d2: DISTANCE ATOMS=b,t1
d3: DISTANCE ATOMS=c,h2
d4: DISTANCE ATOMS=d,t2
d5: DISTANCE ATOMS=com1,com2

UPPER_WALLS ARG=d1 KAPPA=2000 LABEL=restr_1 AT=0.9
UPPER_WALLS ARG=d2 KAPPA=2000 LABEL=restr_2 AT=0.9
UPPER_WALLS ARG=d3 KAPPA=2000 LABEL=restr_3 AT=0.9
UPPER_WALLS ARG=d4 KAPPA=2000 LABEL=restr_4 AT=0.9


RESTRAINT ARG=d5 KAPPA=10000 LABEL=restr_5 AT=3.680134
PRINT ARG=restr_1.bias,restr_2.bias,restr_3.bias,restr_4.bias,restr_5.bias FILE=walls STRIDE=10
PRINT ARG=d1,d2,d3,d4,d5 FILE=DISTANCES STRIDE=10

